#bubble sort


import time

n = 111181111
n = 111181177 # 10 secs

start = time.time()

list_1 = [83, 22, 55, 66, 10, 2, 89, 0, 56, 57, 22, 61, 97, 71, 86,0, 56, 57, 22, 61, 97, 71, 86,0, 56, 57, 22, 61, 97, 71, 86,0, 56, 57, 22, 61, 97, 71, 86,0, 56, 57, 22, 61, 97, 71, 86,0, 56, 57, 22, 61, 97, 71, 86,0, 56, 57, 22, 61, 97, 71, 86,0, 56, 57, 22, 61, 97, 71, 86,0, 56, 57, 22, 61, 97, 71, 86,0, 56, 57, 22, 61, 97, 71, 86,0, 56, 57, 22, 61, 97, 71, 86,0, 56, 57, 22, 61, 97, 71, 86,0, 56, 57, 22, 61, 97, 71, 86,0, 56, 57, 22, 61, 97, 71, 86,0, 56, 57, 22, 61, 97, 71, 86,0, 56, 57, 22, 61, 97, 71, 86,0, 56, 57, 22, 61, 97, 71, 86,0, 56, 57, 22, 61, 97, 71, 86,0, 56, 57, 22, 61, 97, 71, 86,0, 56, 57, 22, 61, 97, 71, 86,0, 56, 57, 22, 61, 97, 71, 86,0, 56, 57, 22, 61, 97, 71, 86,0, 56, 57, 22, 61, 97, 71, 86,0, 56, 57, 22, 61, 97, 71, 86,0, 56, 57, 22, 61, 97, 71, 86,0, 56, 57, 22, 61, 97, 71, 86,0, 56, 57, 22, 61, 97, 71, 86,0, 56, 57, 22, 61, 97, 71, 86,0, 56, 57, 22, 61, 97, 71, 86,0, 56, 57, 22, 61, 97, 71, 86,0, 56, 57, 22, 61, 97, 71, 86,0, 56, 57, 22, 61, 97, 71, 86,0, 56, 57, 22, 61, 97, 71, 86,0, 56, 57, 22, 61, 97, 71, 86,0, 56, 57, 22, 61, 97, 71, 86,0, 56, 57, 22, 61, 97, 71, 86,0, 56, 57, 22, 61, 97, 71, 86,0, 56, 57, 22, 61, 97, 71, 86,0, 56, 57, 22, 61, 97, 71, 86,0, 56, 57, 22, 61, 97, 71, 86,0, 56, 57, 22, 61, 97, 71, 86,0, 56, 57, 22, 61, 97, 71, 86,0, 56, 57, 22, 61, 97, 71, 86,0, 56, 57, 22, 61, 97, 71, 86,0, 56, 57, 22, 61, 97, 71, 86,0, 56, 57, 22, 61, 97, 71, 86,0, 56, 57, 22, 61, 97, 71, 86,0, 56, 57, 22, 61, 97, 71, 86,0, 56, 57, 22, 61, 97, 71, 86,0, 56, 57, 22, 61, 97, 71, 86,0, 56, 57, 22, 61, 97, 71, 86,0, 56, 57, 22, 61, 97, 71, 86,0, 56, 57, 22, 61, 97, 71, 86,0, 56, 57, 22, 61, 97, 71, 86,0, 56, 57, 22, 61, 97, 71, 86,0, 56, 57, 22, 61, 97, 71, 86,0, 56, 57, 22, 61, 97, 71, 86,0, 56, 57, 22, 61, 97, 71, 86,0, 56, 57, 22, 61, 97, 71, 86,0, 56, 57, 22, 61, 97, 71, 86,0, 56, 57, 22, 61, 97, 71, 86,0, 56, 57, 22, 61, 97, 71, 86,0, 56, 57, 22, 61, 97, 71, 86,0, 56, 57, 22, 61, 97, 71, 86,0, 56, 57, 22, 61, 97, 71, 86,0, 56, 57, 22, 61, 97, 71, 86,0, 56, 57, 22, 61, 97, 71, 86,0, 56, 57, 22, 61, 97, 71, 86,0, 56, 57, 22, 61, 97, 71, 86,0, 56, 57, 22, 61, 97, 71, 86,0, 56, 57, 22, 61, 97, 71, 86,0, 56, 57, 22, 61, 97, 71, 86,0, 56, 57, 22, 61, 97, 71, 86,0, 56, 57, 22, 61, 97, 71, 86,0, 56, 57, 22, 61, 97, 71, 86,0, 56, 57, 22, 61, 97, 71, 86,0, 56, 57, 22, 61, 97, 71, 86,0, 56, 57, 22, 61, 97, 71, 86,0, 56, 57, 22, 61, 97, 71, 86,0, 56, 57, 22, 61, 97, 71, 86,0, 56, 57, 22, 61, 97, 71, 86,0, 56, 57, 22, 61, 97, 71, 86,0, 56, 57, 22, 61, 97, 71, 86,0, 56, 57, 22, 61, 97, 71, 86,0, 56, 57, 22, 61, 97, 71, 86,0, 56, 57, 22, 61, 97, 71, 86,0, 56, 57, 22, 61, 97, 71, 86,0, 56, 57, 22, 61, 97, 71, 86,0, 56, 57, 22, 61, 97, 71, 86,0, 56, 57, 22, 61, 97, 71, 86,0, 56, 57, 22, 61, 97, 71, 86,0, 56, 57, 22, 61, 97, 71, 86,0, 56, 57, 22, 61, 97, 71, 86,0, 56, 57, 22, 61, 97, 71, 86,0, 56, 57, 22, 61, 97, 71, 86,0, 56, 57, 22, 61, 97, 71, 86,0, 56, 57, 22, 61, 97, 71, 86,0, 56, 57, 22, 61, 97, 71, 86,0, 56, 57, 22, 61, 97, 71, 86,0, 56, 57, 22, 61, 97, 71, 86,0, 56, 57, 22, 61, 97, 71, 86,0, 56, 57, 22, 61, 97, 71, 86,0, 56, 57, 22, 61, 97, 71, 86,0, 56, 57, 22, 61, 97, 71, 86,0, 56, 57, 22, 61, 97, 71, 86,0, 56, 57, 22, 61, 97, 71, 86,0, 56, 57, 22, 61, 97, 71, 86,0, 56, 57, 22, 61, 97, 71, 86,0, 56, 57, 22, 61, 97, 71, 86,0, 56, 57, 22, 61, 97, 71, 86,0, 56, 57, 22, 61, 97, 71, 86,0, 56, 57, 22, 61, 97, 71, 86,0, 56, 57, 22, 61, 97, 71, 86,0, 56, 57, 22, 61, 97, 71, 86,0, 56, 57, 22, 61, 97, 71, 86,0, 56, 57, 22, 61, 97, 71, 86,0, 56, 57, 22, 61, 97, 71, 86,0, 56, 57, 22, 61, 97, 71, 86,0, 56, 57, 22, 61, 97, 71, 86,0, 56, 57, 22, 61, 97, 71, 86,0, 56, 57, 22, 61, 97, 71, 86,0, 56, 57, 22, 61, 97, 71, 86,0, 56, 57, 22, 61, 97, 71, 86,0, 56, 57, 22, 61, 97, 71, 86,0, 56, 57, 22, 61, 97, 71, 86,0, 56, 57, 22, 61, 97, 71, 86,0, 56, 57, 22, 61, 97, 71, 86,0, 56, 57, 22, 61, 97, 71, 86,0, 56, 57, 22, 61, 97, 71, 86,0, 56, 57, 22, 61, 97, 71, 86,0, 56, 57, 22, 61, 97, 71, 86,0, 56, 57, 22, 61, 97, 71, 86,0, 56, 57, 22, 61, 97, 71, 86,0, 56, 57, 22, 61, 97, 71, 86,0, 56, 57, 22, 61, 97, 71, 86,0, 56, 57, 22, 61, 97, 71, 86,0, 56, 57, 22, 61, 97, 71, 86,0, 56, 57, 22, 61, 97, 71, 86,0, 56, 57, 22, 61, 97, 71, 86,0, 56, 57, 22, 61, 97, 71, 86,0, 56, 57, 22, 61, 97, 71, 86,0, 56, 57, 22, 61, 97, 71, 86,0, 56, 57, 22, 61, 97, 71, 86,0, 56, 57, 22, 61, 97, 71, 86,0, 56, 57, 22, 61, 97, 71, 86,0, 56, 57, 22, 61, 97, 71, 86,0, 56, 57, 22, 61, 97, 71, 86,0, 56, 57, 22, 61, 97, 71, 86,0, 56, 57, 22, 61, 97, 71, 86,0, 56, 57, 22, 61, 97, 71, 86,0, 56, 57, 22, 61, 97, 71, 86,0, 56, 57, 22, 61, 97, 71, 86,0, 56, 57, 22, 61, 97, 71, 86,0, 56, 57, 22, 61, 97, 71, 86,0, 56, 57, 22, 61, 97, 71, 86,0, 56, 57, 22, 61, 97, 71, 86,0, 56, 57, 22, 61, 97, 71, 86,0, 56, 57, 22, 61, 97, 71, 86,0, 56, 57, 22, 61, 97, 71, 86,0, 56, 57, 22, 61, 97, 71, 86,0, 56, 57, 22, 61, 97, 71, 86,0, 56, 57, 22, 61, 97, 71, 86,0, 56, 57, 22, 61, 97, 71, 86,0, 56, 57, 22, 61, 97, 71, 86,0, 56, 57, 22, 61, 97, 71, 86,0, 56, 57, 22, 61, 97, 71, 86, 97, 92, 77, 60, 41]
def bubble_sort(list_1):

    for value in range(len(list_1) - 1, 0, -1):
        for i in range(value):
            if list_1[i] > list_1[i + 1]:
                list_1[i], list_1[i + 1] = list_1[i + 1], list_1[i]

    return list_1[-5:]


bubble_sort(list_1)

#print(list_1 )

end = time.time()
print("n = {}; time = {}".format(n, end-start))
